2.1585548682653055, 0.48012383970873485
1.6446846735539471, 0.41744327225177824
0.078785835325312512, 2.0974465428149625
0.21225127311132039, 1.6064807636507945
1.0065317573757799, 1.7021748776053809
--------------------------------------------------
2.2563342495888605, 0.40564220472319001
1.0863187186368652, 0.31437731259814711
1.4392561092999288, 1.9769682780112099
-0.0032577478854599199, 2.3733597671616087
--------------------------------------------------
5.0651797717633942, 2.4958186010432697, 4.0559028820310514, 1.1324745768621201
3.8802909680167192, 1.9178864412295056, 3.19239457139544, 0.9853850994171417
1.0285800185434648, 0.74497613512577099, 4.2599782747877164, 4.9777385741008056
1.1305662158526135, 0.73561363625248888, 3.4814454505050003, 3.8120653500316886
2.96154604764211, 1.6285394525334289, 4.8138027176609368, 4.0365943444776073
Used 2445 steps
Error was 2.06522140513